010101010101010101
101010101010101010
010101111100100100
010101010101010101
000110101000010111
010101010101010101
101010101010101010
101010111111000011
111111111111111111
010101101010101010
000110101000010111
000110101000010111
100100100100100100
010101100100100100
111111111000000000
100100100100100100
100100100100100100
100100100100100100
100100100100100100
100100100100100100
100100100100100100
100100100100100100
100100100100100100
100100100100100100
100100100100100100
100100100100100100
101010101010101010
100100100100100100
100100100100100100
100100100100100100
000110101000010111
000110101000010111
000110101000010111
000110101000010111
101010101010101010
101010101010101010
101010101010101010
000000000111111111
100100100100100100
100100100100100100
001001001001001001
001001001001001001
100100100100100100
010010010010010010
010010010010010010
101101101101101101
101101101101101101
001001001001001001
100100100100100100
120012120012120012
111111111000000000
100100100001001001
000000111111000000
000000111111000000
000000111111000000
101101101101101101
101101101101101101
101101101101101101
101010101010101010
001001001100100100
001101011100110101
001101011100110101
001101011100110101
010110011100010100
010110011100010100
010110011100010100
010010010010010010
010010010010010010
010010010010010010
010010010010010010
001001001001001001
001001001001001001
010010010010010010
010010010010010010
010010010010010010
010010010010010010
010010010010010010
010010010010010010
010010010010010010
100101101110101001
100101101110101001
100101101110101001
100101101110101001
100101101110101001
100101101110101001
100101101110101001
100101101110101001
100101101110101001
100101101110101001
100101101110101001
100101101110101001
100101101110101001
101000111101111000
111000111000111000
101010101010101010
101111111111010101
101111111111010101
101111111000111101
101111111000111101
101010101010101010
101010101010101010
111111111111111111
101101101101101101
011110011110011110
011110011110011110
001001001001001001
001001001001001001
101010101010101010
