101010101010101010
111111000000000000
111111010101101010
111111111111111111
010100100010110011
101010101010101010
101010111111000000
111111111000000000
101010101010101010
010101101010101010
010100100010110011
010100100010110011
010101010101010101
111111111111111111
100100100100100100
100100100100100100
100100100100100100
100100100100100100
100100100100100100
100100100100100100
100100100100100100
100100100100100100
100100100100100100
100100100100100100
100100100100100100
100100100100100100
100100100100100100
100100100100100100
100100100100100100
100100100100100100
100100100100100100
010100100010110011
010100100010110011
010100100010110011
010100100010110011
100100100100100100
101100101010100101
111111111000000000
101010101010101010
100100100100100100
110011001100100100
001001001001001001
101010101010101010
100010100010100010
111111000000111111
100100100100100100
101010101010101010
101101101101101101
100100100100100100
101101101101101101
111111000000111111
100100100100100100
100100100100100100
111000111000111000
100100100001001001
010110111000101100
101110101111100000
101101101101101101
101101101101101101
100100100100100100
101101101101101101
101101101101101101
101101101101101101
101101101101101101
101101101101101101
101101101101101101
101101101101101101
010111101100101011
010111101100101011
010111101100101011
010111101100101011
010111101100101011
010111101100101011
010111101100101011
010111101100101011
010111101100101011
010111101100101011
010111101100101011
010111101100101011
010111101100101011
101111010001101011
101010101010101010
111000111000111000
101111000111111000
101111000111111000
101000111101010101
101010101010101010
010010010010010010
010010010010010010
001001001100100100
010101010101010101
111111111000000000
